toString
00000
00000
00000
00000
00000


00000
00000
00000
00000
00000


00000
00000
00000
00000
00000


00000
00000
00000
00000
00000


00000
00000
00000
00000
00000



importMaze Mazes/Invalid1.txt False
toString
11110
11110
11110
11110
11110


11110
11110
11110
11110
11110


11110
11110
11110
11110
11110


11110
11110
11110
11110
11110


11110
11110
11110
11110
11110



importMaze Mazes/Solvable1.txt True
toString
10000
00000
10000
10000
11111


11100
00100
10100
00000
00001


00000
00000
10100
00000
00001


11111
10001
10111
00000
00001


00000
00000
00000
00000
00001



importMaze Mazes/Invalid2.txt True
toString
11111
11111
11111
11111
11111


11111
11111
11111
11111
11111


11111
11111
11111
11111
11111


11111
11111
11111
11111
11111


11111
11111
11111
11111
11111



importMaze Mazes/Invalid3.txt False
importMaze Mazes/Invalid4.txt False
importMaze Mazes/Invalid5.txt True
importMaze Mazes/Nonexistant.txt False
