importMaze Mazes/Solvable1.txt True
toString 
10000
00000
10000
10000
11111


11100
00100
10100
00000
00001


00000
00000
10100
00000
00001


11111
10001
10111
00000
00001


00000
00000
00000
00000
00001



importMaze Mazes/Solvable2.txt True
toString
11100
11010
01100
01000
00000


00110
10110
10011
10001
00111


11011
11000
00001
10011
01101


10011
10010
00010
01101
01011


10000
00110
11011
01100
11011



importMaze Mazes/Solvable3.txt True
toString
11111
11111
11111
11111
11111


11111
11111
11111
11111
11111


11111
11111
11111
11111
11111


11111
11111
11111
11111
11111


11111
11111
11111
11111
11111



importMaze Mazes/Unsolvable1.txt True
toString
10000
00000
10000
10000
11111


11100
00100
10100
00000
00001


00000
00000
10100
00000
00001


11111
10001
10111
00000
00000


00000
00000
00000
00000
00001



importMaze Mazes/Unsolvable2.txt True
toString
11100
11010
01100
01000
00000


00110
10110
10011
10001
00111


11011
11000
00001
10011
01101


10011
10010
00010
01101
01010


10000
00110
11011
01100
11011



importMaze Mazes/Unsolvable3.txt True
toString
11111
11111
11111
11111
11111


11111
11111
11111
11111
11111


11111
11111
11111
11111
11111


11111
11111
11111
11111
11110


11111
11111
11111
11110
11101



