importMaze Mazes/Solvable1.txt True
toString
10000
00000
10000
10000
11111


11100
00100
10100
00000
00001


00000
00000
10100
00000
00001


11111
10001
10111
00000
00001


00000
00000
00000
00000
00001



solveMaze
INVALID solution. Maze has been altered from: 
10000
00000
10000
10000
11111


11100
00100
10100
00000
00001


00000
00000
10100
00000
00001


11111
10001
10111
00000
00001


00000
00000
00000
00000
00001



...to: 

20000
00000
10000
10000
11111


22200
00200
10200
00000
00001


00000
00000
10200
00000
00001


11111
10001
10221
00000
00001


00000
00000
00000
00000
00001



importMaze Mazes/Solvable2.txt True
toString
11100
11010
01100
01000
00000


00110
10110
10011
10001
00111


11011
11000
00001
10011
01101


10011
10010
00010
01101
01011


10000
00110
11011
01100
11011



solveMaze
INVALID solution. Maze has been altered from: 
11100
11010
01100
01000
00000


00110
10110
10011
10001
00111


11011
11000
00001
10011
01101


10011
10010
00010
01101
01011


10000
00110
11011
01100
11011



...to: 

22200
11010
01100
01000
00000


00220
10220
10021
10001
00111


11011
11000
00001
10011
01101


10011
10010
00010
01101
01011


10000
00110
11011
01100
11011



importMaze Mazes/Solvable3.txt True
toString
11111
11111
11111
11111
11111


11111
11111
11111
11111
11111


11111
11111
11111
11111
11111


11111
11111
11111
11111
11111


11111
11111
11111
11111
11111



solveMaze
INVALID solution. Maze has been altered from: 
11111
11111
11111
11111
11111


11111
11111
11111
11111
11111


11111
11111
11111
11111
11111


11111
11111
11111
11111
11111


11111
11111
11111
11111
11111



...to: 

22221
11111
11111
11111
11111


11111
11111
11111
11111
11111


11111
11111
11111
11111
11111


11111
11111
11111
11111
11111


11111
11111
11111
11111
11111



